Body 4
SpineBase: 0.2949827,-0.4910154,2.277108
SpineMid: 0.2790003,-0.1659448,2.305182
Neck: 0.263343,0.1508792,2.318671
Head: 0.2908802,0.3016617,2.312644
ShoulderLeft: 0.08676077,0.03143963,2.314976
ElbowLeft: -0.01351294,-0.217967,2.293577
WristLeft: -0.1593688,-0.3437594,2.149741
HandLeft: -0.2225746,-0.3771151,2.101094
ShoulderRight: 0.4521833,0.003184167,2.322452
ElbowRight: 0.5812998,-0.2129837,2.326272
WristRight: 0.7761486,-0.2299835,2.197913
HandRight: 0.8341687,-0.2267936,2.170361
HipLeft: 0.2077024,-0.4826988,2.235781
KneeLeft: 0.1415593,-0.7896954,2.19512
AnkleLeft: 0.1014428,-1.150459,2.19759
FootLeft: 0.1382531,-1.087983,2.076843
HipRight: 0.3727346,-0.4835497,2.245055
KneeRight: 0.4300742,-0.7756549,2.180544
AnkleRight: 0.5023152,-1.228055,2.11349
FootRight: 0.5083244,-1.248581,1.964125
SpineShoulder: 0.2673433,0.07279389,2.317819
HandTipLeft: -0.269359,-0.4204495,2.050539
ThumbLeft: -0.2309781,-0.3082435,2.043571
HandTipRight: 0.9032341,-0.2311369,2.124573
ThumbRight: 0.8065111,-0.17222,2.116616